{
    "rmse": 0.8561517197681087,
    "mae": 0.6403095589129951,
    "r2": 0.0658633249315036
}