{
    "rmse": 0.8622742801104528,
    "mae": 0.6444058550187346,
    "r2": 0.05245505126292371
}