{
    "rmse": 0.8621899750478911,
    "mae": 0.6444434620384805,
    "r2": 0.05264032625704096
}