{
    "rmse": 0.8622664652386575,
    "mae": 0.6444092976964567,
    "r2": 0.05247222656064432
}