{
    "rmse": 0.862282125461698,
    "mae": 0.6444024075690423,
    "r2": 0.05243780882178162
}