{
    "rmse": 0.8552117899835919,
    "mae": 0.6396637521578935,
    "r2": 0.06791329082627928
}