{
    "rmse": 0.8362083577958755,
    "mae": 0.6285166551112603,
    "r2": 0.10887636118063715
}