{
    "rmse": 0.8622951365887332,
    "mae": 0.6443967061110858,
    "r2": 0.0524092127400696
}