{
    "rmse": 0.8532542298880994,
    "mae": 0.6383345197537724,
    "r2": 0.0721754572674973
}